-------------------------------------------------
Report 0 - TOURNAMENT + PMX
Test file: /home/yksh/Desktop/CellCycle_train_discretized.arff
Train file: /home/yksh/Desktop/CellCycle_test_discretized.arff
Population size: 10
Number of generations: 20
Cross validation: True
Best chromossome: [0, 1, 0, 1, 0, 1, 1, 1, 1, 0, 0, 0, 1, 1, 1, 1, 1, 0, 1, 1, 0, 1, 0, 0, 0, 0, 0, 1, 0, 1, 0, 1, 0, 1, 0, 1, 1, 0, 0, 0, 1, 0, 0, 0, 0, 0, 1, 0, 0, 0, 1, 0, 1, 1, 0, 0, 1, 0, 0, 1, 1, 1, 1, 1, 0, 1, 1, 1, 1, 0, 0, 1, 0, 1, 0, 0, 1, 0, 1, 0, 0, 0, 0, 1, 1, 1, 1, 1, 0, 0, 0, 1, 0, 0, 0, 0, 1, 1, 0, 0, 1, 1, 1, 0, 0, 1, 0, 0, 0, 1, 1, 0, 1, 0, 0, 1, 0, 0, 1, 0, 1, 1, 1, 1, 0, 0, 0, 1, 1, 1, 0, 0, 0, 0, 1, 0, 0, 0, 1, 1, 1, 0, 1, 0, 0, 1, 1, 1, 1, 1, 0, 0, 0, 1, 0, 0, 0, 1, 0, 1, 1, 0, 0, 0, 1, 1, 0, 0, 1, 0, 1, 0, 1, 1, 0, 1, 0, 0, 0, 1, 1, 1, 1, 1, 1, 0, 0, 1]
Best fitness: 37.963041362304686
Avarage fitness history: [27.41209563652344, 29.698727622363283, 31.690524747558594, 33.59776192294922, 33.93092922021485, 34.57540043076172, 35.1084858633789, 35.07935187822265, 35.21294142978516, 35.594033190625005, 35.68524533535157, 35.77823635000001, 36.01594632392578, 36.2045771015625, 36.04772201982422, 36.28546101367188, 36.30591352939452, 36.35734228427734, 36.36680800117187, 36.325902969726556]
Best fitness history: [37.963041362304686, 37.963041362304686, 37.963041362304686, 37.963041362304686, 37.963041362304686, 37.963041362304686, 37.963041362304686, 37.963041362304686, 37.963041362304686, 37.963041362304686, 37.963041362304686, 37.963041362304686, 37.963041362304686, 37.963041362304686, 37.963041362304686, 37.963041362304686, 37.963041362304686, 37.963041362304686, 37.963041362304686, 37.963041362304686]
-------------------------------------------------

-------------------------------------------------
Report 1 - TOURNAMENT + PMX
Test file: /home/yksh/Desktop/CellCycle_train_discretized.arff
Train file: /home/yksh/Desktop/CellCycle_test_discretized.arff
Population size: 20
Number of generations: 40
Cross validation: True
Best chromossome: [0, 0, 1, 1, 1, 0, 1, 0, 0, 0, 0, 0, 0, 1, 1, 0, 1, 1, 0, 0, 1, 0, 0, 0, 1, 1, 0, 0, 0, 0, 0, 0, 0, 0, 0, 1, 0, 0, 1, 0, 0, 0, 0, 0, 1, 0, 1, 0, 1, 0, 0, 0, 1, 0, 0, 0, 1, 0, 1, 0, 0, 0, 1, 0, 0, 0, 1, 0, 1, 1, 0, 0, 0, 0, 1, 1, 0, 1, 0, 1, 0, 0, 1, 0, 0, 1, 0, 1, 1, 0, 0, 0, 1, 1, 1, 0, 1, 0, 1, 1, 0, 1, 1, 1, 1, 0, 0, 0, 0, 0, 0, 0, 0, 0, 0, 0, 0, 0, 0, 1, 0, 1, 1, 0, 1, 1, 0, 1, 1, 1, 0, 0, 1, 1, 0, 0, 0, 1, 1, 1, 0, 0, 1, 0, 1, 1, 1, 1, 0, 1, 0, 0, 1, 1, 1, 1, 0, 1, 0, 1, 0, 0, 0, 1, 0, 0, 1, 1, 1, 1, 1, 0, 1, 0, 0, 0, 1, 0, 1, 0, 0, 1, 0, 1, 1, 1, 0, 1]
Best fitness: 42.64136037207031
Avarage fitness history: [28.511338214062498, 31.288646275, 33.28308823413085, 35.772649473535154, 36.74417887084961, 37.356307718749996, 38.57655323833008, 38.55831291196289, 38.76302858134766, 38.87764386713866, 39.06563809003906, 39.58881404648437, 39.6792930559082, 39.929584804150394, 40.09687459384765, 40.225799029687494, 40.13936296376953, 40.27934672861328, 40.52688541518555, 40.61226818237304, 40.64403643325195, 40.72253205483399, 40.49934194941406, 40.89166254174804, 40.95937579501954, 41.076927620556646, 41.256962567382814, 41.033390213671865, 40.98290907070312, 41.085319550292965, 41.39451181601562, 41.4114833465332, 41.3624560529785, 41.58665415703124, 41.93601969672851, 42.06736048554687, 42.221850041015635, 42.27132834023438, 42.28643382871094, 42.2647186373047]
Best fitness history: [35.87128515722656, 38.00815942578125, 39.66903480175781, 39.66903480175781, 39.66903480175781, 39.66903480175781, 41.747852903320315, 41.747852903320315, 41.747852903320315, 41.747852903320315, 41.747852903320315, 41.747852903320315, 41.747852903320315, 41.747852903320315, 41.747852903320315, 41.747852903320315, 41.747852903320315, 41.747852903320315, 41.747852903320315, 41.747852903320315, 41.747852903320315, 41.747852903320315, 41.747852903320315, 41.747852903320315, 41.747852903320315, 41.747852903320315, 42.000549430664066, 42.000549430664066, 42.000549430664066, 42.00175051074219, 42.1106532265625, 42.1106532265625, 42.1106532265625, 42.1106532265625, 42.344261470703124, 42.344261470703124, 42.344261470703124, 42.51278556250001, 42.64136037207031, 42.64136037207031]
-------------------------------------------------

-------------------------------------------------
Report 2 - TOURNAMENT + PMX
Test file: /home/yksh/Desktop/CellCycle_train_discretized.arff
Train file: /home/yksh/Desktop/CellCycle_test_discretized.arff
Population size: 30
Number of generations: 60
Cross validation: True
Best chromossome: [0, 0, 1, 0, 0, 1, 0, 0, 1, 0, 0, 1, 0, 0, 1, 1, 0, 1, 0, 0, 1, 0, 0, 0, 0, 0, 0, 0, 1, 0, 1, 0, 0, 0, 1, 0, 1, 1, 1, 0, 1, 0, 1, 1, 1, 0, 1, 1, 1, 0, 1, 1, 0, 1, 0, 0, 1, 0, 0, 1, 0, 1, 1, 1, 0, 0, 0, 0, 0, 1, 0, 1, 0, 0, 1, 1, 0, 0, 1, 0, 1, 1, 1, 0, 0, 1, 0, 1, 0, 1, 1, 1, 1, 1, 0, 0, 0, 0, 1, 0, 0, 1, 0, 0, 0, 0, 0, 0, 0, 0, 0, 0, 1, 0, 0, 1, 0, 0, 0, 1, 1, 0, 0, 0, 0, 1, 0, 0, 0, 1, 0, 1, 1, 0, 1, 1, 1, 0, 1, 0, 0, 1, 1, 0, 1, 0, 0, 0, 0, 0, 0, 0, 0, 0, 0, 1, 0, 1, 0, 1, 0, 1, 0, 1, 1, 1, 0, 1, 0, 0, 0, 0, 0, 0, 0, 1, 1, 1, 0, 0, 0, 0, 1, 0, 0, 1, 1, 1]
Best fitness: 45.534879117187494
Avarage fitness history: [28.176968431429035, 29.133809454475916, 30.323754275146477, 32.37575144280599, 33.43262150335286, 33.936018254899096, 33.78042186313476, 33.49450250696614, 32.48967860276693, 34.922815406852216, 35.04892499983724, 35.000214203515625, 34.63992179261068, 34.35052463754883, 34.829840263720705, 35.224615726236976, 35.52846683746745, 36.38284691699219, 36.69371964280598, 36.749874796093756, 37.098761693294264, 36.73684620849609, 37.25388673740234, 37.55837421552735, 38.02120960455729, 38.42072870039064, 38.859361564062496, 38.9672013852539, 39.07551416123047, 39.2161480756185, 39.42573830136719, 38.62346290035807, 38.50376332307943, 39.53512755175782, 39.94855629235027, 40.162123593717446, 40.36924812675782, 40.41551716295571, 41.126932128873705, 42.16273105953777, 42.076075611197915, 42.921007246679686, 42.94836563854167, 43.17667265970053, 43.439383294108076, 43.88496655517579, 43.652181658268226, 43.89211004039714, 43.998133642057304, 44.09818938518882, 44.14049081861981, 44.37978620104168, 44.13603689794923, 44.15880279986981, 44.5265138268555, 44.370919231738306, 44.51879320364585, 44.53091928424481, 44.402006206445336, 44.402006206445336]
Best fitness history: [38.55073219921875, 38.55073219921875, 38.55073219921875, 38.55073219921875, 38.55073219921875, 38.55073219921875, 38.55073219921875, 38.55073219921875, 38.55073219921875, 38.55073219921875, 38.55073219921875, 38.55073219921875, 38.55073219921875, 38.55073219921875, 38.55073219921875, 38.55073219921875, 38.55073219921875, 38.55073219921875, 38.55073219921875, 38.55073219921875, 39.13247936035157, 39.13247936035157, 39.13247936035157, 39.39680155566406, 39.39680155566406, 39.8195508046875, 39.904736808593746, 39.904736808593746, 39.904736808593746, 40.40742751953125, 40.40742751953125, 40.40742751953125, 43.88360866601563, 43.88360866601563, 43.88360866601563, 43.88360866601563, 43.88360866601563, 43.88360866601563, 43.974470632812505, 44.15237782324219, 44.15237782324219, 44.15237782324219, 44.15237782324219, 44.15237782324219, 44.15237782324219, 44.15237782324219, 44.22103695898438, 44.64135223242188, 44.64135223242188, 44.64135223242188, 44.64135223242188, 44.64135223242188, 44.64135223242188, 44.64135223242188, 45.534879117187494, 45.534879117187494, 45.534879117187494, 45.534879117187494, 45.534879117187494, 45.534879117187494]
-------------------------------------------------

-------------------------------------------------
Report 3 - TOURNAMENT + PMX
Test file: /home/yksh/Desktop/CellCycle_train_discretized.arff
Train file: /home/yksh/Desktop/CellCycle_test_discretized.arff
Population size: 40
Number of generations: 80
Cross validation: True
Best chromossome: [0, 0, 0, 1, 1, 0, 1, 0, 0, 0, 0, 0, 0, 0, 1, 0, 1, 0, 0, 0, 0, 1, 0, 0, 0, 1, 0, 0, 0, 0, 0, 0, 0, 1, 0, 0, 1, 0, 0, 0, 0, 0, 1, 1, 1, 0, 0, 0, 1, 0, 1, 0, 0, 1, 0, 0, 1, 1, 1, 0, 0, 1, 1, 1, 0, 1, 0, 1, 0, 1, 1, 1, 0, 0, 0, 0, 0, 1, 0, 0, 1, 1, 0, 0, 0, 1, 0, 1, 0, 0, 0, 0, 1, 0, 0, 0, 0, 0, 0, 0, 0, 1, 1, 1, 0, 0, 1, 0, 0, 0, 0, 1, 0, 0, 0, 0, 0, 1, 1, 1, 0, 0, 1, 0, 0, 1, 0, 1, 1, 1, 0, 0, 0, 1, 1, 1, 0, 0, 0, 1, 1, 0, 0, 0, 1, 0, 0, 0, 1, 0, 0, 1, 1, 1, 0, 0, 0, 1, 0, 0, 0, 0, 0, 1, 0, 1, 0, 1, 1, 0, 0, 0, 1, 1, 0, 0, 0, 1, 0, 0, 0, 1, 1, 0, 0, 0, 1, 1]
Best fitness: 50.07854105957031
Avarage fitness history: [27.72579003872071, 28.617790092590333, 29.27244996511231, 30.366442717431642, 32.723719329821776, 33.199129308166505, 33.89169833278808, 35.341510759985354, 35.598967599865716, 36.51845886865235, 37.08943684770509, 37.41101014072267, 38.491401814599605, 39.22973573608399, 39.74702275046386, 40.20285708608399, 40.85411160354004, 40.83373687810058, 41.17221550478517, 41.45994481940918, 41.48880728815918, 41.52168594418946, 41.68963593510743, 41.50725343415527, 42.01408379904785, 42.25454184829102, 42.18544543811035, 42.227122457543956, 42.183386753051764, 42.33647245888672, 42.62211789785157, 42.74820833481444, 42.73602024587401, 42.80337600251463, 42.850744934497065, 42.857667841235354, 43.10316740915527, 43.01060470037842, 43.383783276513675, 43.62320763696289, 43.348639940747056, 43.67389404401855, 43.97638729440918, 43.97598360114746, 44.187815490624985, 44.20477422458496, 44.55696728073729, 44.67302782614745, 44.754774815942376, 44.95186171083984, 45.15417441979981, 45.30820081704103, 45.5597770175293, 45.56251540390625, 45.926157957421864, 45.802692744213864, 45.93759797629394, 46.020447373315434, 46.3613832540039, 46.49833406809081, 46.55974313259278, 46.50259046306152, 46.67546471799315, 46.59949427749022, 46.630254971118156, 46.45131698901368, 46.97966735141601, 47.196309448144525, 47.12693565769044, 47.238303883081045, 47.53619294987794, 47.92232030024413, 47.854965402563465, 48.086563285546845, 48.431726175707986, 48.715766327123994, 48.596468268066374, 48.48489988581541, 48.679697493164035, 48.50308588762205]
Best fitness history: [38.86814829101563, 38.86814829101563, 39.5141764921875, 39.5141764921875, 39.5141764921875, 39.5141764921875, 39.5141764921875, 41.632225355468755, 41.632225355468755, 41.632225355468755, 41.632225355468755, 41.632225355468755, 41.632225355468755, 41.63599075488281, 42.458467018554686, 42.458467018554686, 42.52683700878906, 42.70015571386718, 42.774950895507814, 42.774950895507814, 42.774950895507814, 43.5142278125, 43.5142278125, 43.5142278125, 43.5142278125, 43.5142278125, 43.84196883691406, 43.84196883691406, 43.84196883691406, 43.84196883691406, 43.84196883691406, 43.84196883691406, 43.84196883691406, 43.84196883691406, 44.514400396484376, 44.77735151855469, 45.08180896972656, 45.31494289550781, 45.31494289550781, 45.565617471679694, 45.565617471679694, 45.565617471679694, 45.57074168261719, 46.16802278320313, 46.16802278320313, 46.16802278320313, 46.56627862402344, 46.56627862402344, 46.56627862402344, 46.56627862402344, 46.86032401074219, 46.86032401074219, 46.91093623046875, 46.91093623046875, 46.91093623046875, 46.98343029199219, 47.47534432128906, 47.47534432128906, 47.47534432128906, 47.926316916992185, 47.926316916992185, 47.926316916992185, 47.96515384375, 47.96515384375, 48.218042230468754, 48.287905461914065, 48.287905461914065, 48.819678670898426, 48.819678670898426, 48.819678670898426, 48.819678670898426, 48.819678670898426, 48.819678670898426, 48.984547124023436, 48.984547124023436, 48.984547124023436, 48.984547124023436, 49.384119898437504, 50.07854105957031, 50.07854105957031]
-------------------------------------------------




